 0
SECTION
 2
ENTITIES
  0
POLYLINE
 8
Layer0
 66
     1
70
    8
 10
0.0
 20
 0.0
 30
0.0
  0
VERTEX
  8
MY3DLAYER
10
10.000000000000636
20
20.000000000001943
30
0.0
 70
     32
  0
VERTEX
  8
MY3DLAYER
10
19.15000000000063
20
20.00000000000135
30
0.0
 70
     32
  0
VERTEX
  8
MY3DLAYER
10
19.14999999999998
20
10.00000000000137
30
0.0
 70
     32
  0
VERTEX
  8
MY3DLAYER
10
19.35785245963656
20
8.421203824875988
30
0.0
 70
     32
  0
VERTEX
  8
MY3DLAYER
10
19.967245036914694
20
6.950000000001287
30
0.0
 70
     32
  0
VERTEX
  8
MY3DLAYER
10
20.936648634761745
20
5.686648634763334
30
0.0
 70
     32
  0
VERTEX
  8
MY3DLAYER
10
22.199999999999623
20
4.717245036916114
30
0.0
 70
     32
  0
VERTEX
  8
MY3DLAYER
10
23.671203824874244
20
4.107852459637789
30
0.0
 70
     32
  0
VERTEX
  8
MY3DLAYER
10
25.2499999999996
20
3.900000000000915
30
0.0
 70
     32
  0
VERTEX
  8
MY3DLAYER
10
26.828796175124978
20
4.107852459637583
30
0.0
 70
     32
  0
VERTEX
  8
MY3DLAYER
10
28.29999999999963
20
4.717245036915716
30
0.0
 70
     32
  0
VERTEX
  8
MY3DLAYER
10
29.563351365237676
20
5.686648634762773
30
0.0
 70
     32
  0
VERTEX
  8
MY3DLAYER
10
30.532754963084898
20
6.950000000000602
30
0.0
 70
     32
  0
VERTEX
  8
MY3DLAYER
10
31.14214754036322
20
8.421203824875223
30
0.0
 70
     32
  0
VERTEX
  8
MY3DLAYER
10
31.350000000000005
20
10.000000000000577
30
0.0
 70
     32
  0
VERTEX
  8
MY3DLAYER
10
31.35000000000065
20
20.000000000000558
30
0.0
 70
     32
  0
VERTEX
  8
MY3DLAYER
10
40.50000000000065
20
19.999999999999964
30
0.0
 70
     32
  0
VERTEX
  8
MY3DLAYER
10
43.08819045102583
20
19.659258262890468
30
0.0
 70
     32
  0
VERTEX
  8
MY3DLAYER
10
45.50000000000055
20
18.66025403784399
30
0.0
 70
     32
  0
VERTEX
  8
MY3DLAYER
10
47.5710678118659
20
17.071067811865014
30
0.0
 70
     32
  0
VERTEX
  8
MY3DLAYER
10
49.1602540378447
20
14.999999999999456
30
0.0
 70
     32
  0
VERTEX
  8
MY3DLAYER
10
50.15925826289082
20
12.588190451024605
30
0.0
 70
     32
  0
VERTEX
  8
MY3DLAYER
10
50.49999999999998
20
9.999999999999334
30
0.0
 70
     32
  0
VERTEX
  8
MY3DLAYER
10
50.15925826289048
20
7.411809548974196
30
0.0
 70
     32
  0
VERTEX
  8
MY3DLAYER
10
49.160254037844055
20
4.999999999999475
30
0.0
 70
     32
  0
VERTEX
  8
MY3DLAYER
10
47.57106781186499
20
2.928932188134032
30
0.0
 70
     32
  0
VERTEX
  8
MY3DLAYER
10
45.499999999999424
20
1.339745962155322
30
0.0
 70
     32
  0
VERTEX
  8
MY3DLAYER
10
43.08819045102458
20
0.34074173710916245
30
0.0
 70
     32
  0
VERTEX
  8
MY3DLAYER
10
40.49999999999935
20
0.0
30
0.0
 70
     32
  0
VERTEX
  8
MY3DLAYER
10
9.99999999999934
20
1.979616470748624e-12
30
0.0
 70
     32
  0
VERTEX
  8
MY3DLAYER
10
7.411809548974156
20
0.3407417371114776
30
0.0
 70
     32
  0
VERTEX
  8
MY3DLAYER
10
4.9999999999994325
20
1.339745962157953
30
0.0
 70
     32
  0
VERTEX
  8
MY3DLAYER
10
2.9289321881340826
20
2.928932188136928
30
0.0
 70
     32
  0
VERTEX
  8
MY3DLAYER
10
1.3397459621552854
20
5.00000000000249
30
0.0
 70
     32
  0
VERTEX
  8
MY3DLAYER
10
0.3407417371091709
20
7.41180954897734
30
0.0
 70
     32
  0
VERTEX
  8
MY3DLAYER
10
0.0
20
10.000000000002611
30
0.0
 70
     32
  0
VERTEX
  8
MY3DLAYER
10
0.340741737109498
20
12.58819045102775
30
0.0
 70
     32
  0
VERTEX
  8
MY3DLAYER
10
1.3397459621559284
20
15.000000000002471
30
0.0
 70
     32
  0
VERTEX
  8
MY3DLAYER
10
2.9289321881349966
20
17.071067811867913
30
0.0
 70
     32
  0
VERTEX
  8
MY3DLAYER
10
5.00000000000056
20
18.660254037846624
30
0.0
 70
     32
  0
VERTEX
  8
MY3DLAYER
10
7.411809548975408
20
19.659258262892784
30
0.0
 70
     32
  0
VERTEX
  8
MY3DLAYER
10
10.000000000000636
20
20.000000000001943
30
0.0
 70
     32
  0
SEQEND
  0
POLYLINE
 8
Layer0
 66
     1
70
    8
 10
0.0
 20
 0.0
 30
0.0
  0
VERTEX
  8
MY3DLAYER
10
44.08578643762698
20
11.414213562372849
30
0.0
 70
     32
  0
VERTEX
  8
MY3DLAYER
10
43.76794919243118
20
10.999999999999813
30
0.0
 70
     32
  0
VERTEX
  8
MY3DLAYER
10
43.568148347421904
20
10.517638090204851
30
0.0
 70
     32
  0
VERTEX
  8
MY3DLAYER
10
43.49999999999999
20
9.999999999999789
30
0.0
 70
     32
  0
VERTEX
  8
MY3DLAYER
10
43.56814834742183
20
9.482361909794715
30
0.0
 70
     32
  0
VERTEX
  8
MY3DLAYER
10
43.76794919243106
20
8.999999999999817
30
0.0
 70
     32
  0
VERTEX
  8
MY3DLAYER
10
44.085786437626794
20
8.585786437626652
30
0.0
 70
     32
  0
VERTEX
  8
MY3DLAYER
10
44.49999999999988
20
8.267949192430855
30
0.0
 70
     32
  0
VERTEX
  8
MY3DLAYER
10
44.98236190979484
20
8.068148347421525
30
0.0
 70
     32
  0
VERTEX
  8
MY3DLAYER
10
45.49999999999986
20
7.999999999999661
30
0.0
 70
     32
  0
VERTEX
  8
MY3DLAYER
10
46.01763809020489
20
8.068148347421458
30
0.0
 70
     32
  0
VERTEX
  8
MY3DLAYER
10
46.49999999999987
20
8.267949192430725
30
0.0
 70
     32
  0
VERTEX
  8
MY3DLAYER
10
46.91421356237299
20
8.585786437626467
30
0.0
 70
     32
  0
VERTEX
  8
MY3DLAYER
10
47.2320508075688
20
8.999999999999503
30
0.0
 70
     32
  0
VERTEX
  8
MY3DLAYER
10
47.431851652578075
20
9.482361909794463
30
0.0
 70
     32
  0
VERTEX
  8
MY3DLAYER
10
47.499999999999986
20
9.999999999999527
30
0.0
 70
     32
  0
VERTEX
  8
MY3DLAYER
10
47.431851652578146
20
10.5176380902046
30
0.0
 70
     32
  0
VERTEX
  8
MY3DLAYER
10
47.23205080756892
20
10.999999999999499
30
0.0
 70
     32
  0
VERTEX
  8
MY3DLAYER
10
46.91421356237318
20
11.414213562372664
30
0.0
 70
     32
  0
VERTEX
  8
MY3DLAYER
10
46.5000000000001
20
11.73205080756846
30
0.0
 70
     32
  0
VERTEX
  8
MY3DLAYER
10
46.01763809020514
20
11.931851652577791
30
0.0
 70
     32
  0
VERTEX
  8
MY3DLAYER
10
45.50000000000012
20
11.999999999999654
30
0.0
 70
     32
  0
VERTEX
  8
MY3DLAYER
10
44.98236190979509
20
11.931851652577858
30
0.0
 70
     32
  0
VERTEX
  8
MY3DLAYER
10
44.50000000000011
20
11.732050807568589
30
0.0
 70
     32
  0
VERTEX
  8
MY3DLAYER
10
44.08578643762698
20
11.414213562372849
30
0.0
 70
     32
  0
SEQEND
  0
POLYLINE
 8
Layer0
 66
     1
70
    8
 10
0.0
 20
 0.0
 30
0.0
  0
VERTEX
  8
MY3DLAYER
10
6.9318516525781515
20
10.51763809020723
30
0.0
 70
     32
  0
VERTEX
  8
MY3DLAYER
10
6.732050807568926
20
11.000000000002128
30
0.0
 70
     32
  0
VERTEX
  8
MY3DLAYER
10
6.4142135623731855
20
11.414213562375293
30
0.0
 70
     32
  0
VERTEX
  8
MY3DLAYER
10
6.0000000000001075
20
11.732050807571088
30
0.0
 70
     32
  0
VERTEX
  8
MY3DLAYER
10
5.517638090205144
20
11.93185165258042
30
0.0
 70
     32
  0
VERTEX
  8
MY3DLAYER
10
5.000000000000126
20
12.000000000002283
30
0.0
 70
     32
  0
VERTEX
  8
MY3DLAYER
10
4.482361909795103
20
11.931851652580487
30
0.0
 70
     32
  0
VERTEX
  8
MY3DLAYER
10
4.000000000000106
20
11.73205080757122
30
0.0
 70
     32
  0
VERTEX
  8
MY3DLAYER
10
3.585786437626994
20
11.414213562375478
30
0.0
 70
     32
  0
VERTEX
  8
MY3DLAYER
10
3.2679491924311916
20
11.000000000002442
30
0.0
 70
     32
  0
VERTEX
  8
MY3DLAYER
10
3.068148347421903
20
10.51763809020748
30
0.0
 70
     32
  0
VERTEX
  8
MY3DLAYER
10
2.9999999999999947
20
10.000000000002416
30
0.0
 70
     32
  0
VERTEX
  8
MY3DLAYER
10
3.0681483474218356
20
9.482361909797344
30
0.0
 70
     32
  0
VERTEX
  8
MY3DLAYER
10
3.2679491924310673
20
9.000000000002446
30
0.0
 70
     32
  0
VERTEX
  8
MY3DLAYER
10
3.585786437626802
20
8.585786437629281
30
0.0
 70
     32
  0
VERTEX
  8
MY3DLAYER
10
3.9999999999998797
20
8.267949192433484
30
0.0
 70
     32
  0
VERTEX
  8
MY3DLAYER
10
4.482361909794844
20
8.068148347424154
30
0.0
 70
     32
  0
VERTEX
  8
MY3DLAYER
10
4.999999999999867
20
8.000000000002292
30
0.0
 70
     32
  0
VERTEX
  8
MY3DLAYER
10
5.517638090204896
20
8.068148347424087
30
0.0
 70
     32
  0
VERTEX
  8
MY3DLAYER
10
5.999999999999882
20
8.267949192433354
30
0.0
 70
     32
  0
VERTEX
  8
MY3DLAYER
10
6.414213562373005
20
8.585786437629096
30
0.0
 70
     32
  0
VERTEX
  8
MY3DLAYER
10
6.732050807568796
20
9.000000000002132
30
0.0
 70
     32
  0
VERTEX
  8
MY3DLAYER
10
6.931851652578084
20
9.482361909797094
30
0.0
 70
     32
  0
VERTEX
  8
MY3DLAYER
10
6.999999999999993
20
10.000000000002156
30
0.0
 70
     32
  0
VERTEX
  8
MY3DLAYER
10
6.9318516525781515
20
10.51763809020723
30
0.0
 70
     32
  0
SEQEND
 0
ENDSEC
 0
EOF
